timestamp,timestamp_sample,time_last_fuse,device_id,observation[0],observation[1],observation[2],observation_variance[0],observation_variance[1],observation_variance[2],innovation[0],innovation[1],innovation[2],innovation_filtered[0],innovation_filtered[1],innovation_filtered[2],innovation_variance[0],innovation_variance[1],innovation_variance[2],test_ratio[0],test_ratio[1],test_ratio[2],test_ratio_filtered[0],test_ratio_filtered[1],test_ratio_filtered[2],estimator_instance,innovation_rejected,fused
164749892,164552046,164559576,0,0.21782972,-0.16645013,0.6047537,0.09,0.09,0.20250002,-0.37581927,0.2066824,-0.3107813,-0.027735759,0.08584484,0.26784846,0.105262116,0.105382256,0.21057752,0.053671777,0.016214348,0.01834669,-0.011298047,0.0063246177,0.03671841,0,0,1
165348464,165149504,165158152,0,0.62259483,0.07943252,0.18965775,0.09,0.09,0.20250002,-0.18261594,0.23053455,0.1558091,-0.08260155,0.1083379,0.271917,0.10393883,0.10431723,0.21000314,0.012833924,0.020378677,0.0046240217,-0.008387936,0.008771521,0.023905173,0,0,1
165747524,165549642,165557202,0,0.34214428,0.023005491,-0.10699335,0.09,0.09,0.20250002,-0.027006477,0.06563597,0.30354828,-0.08727945,0.11575489,0.2433631,0.1038003,0.10427646,0.20978355,0.00028105883,0.0016525611,0.01756888,-0.007012819,0.008228881,0.017520623,0,0,1
166346066,166150054,166155778,0,0.039427087,-0.22356579,-0.05584023,0.09,0.09,0.20250002,0.11344777,0.057143584,0.14538267,0.0254323,0.14019106,0.20549557,0.10331705,0.10373522,0.20947994,0.0049828743,0.0012591245,0.0040359227,4.3144733e-05,0.01181485,0.010766417,0,0,1
166745161,166548738,166554828,0,0.012385866,0.027494889,-0.08078952,0.09,0.09,0.20250002,0.10219205,0.035453547,0.17735314,0.06128341,0.10874403,0.19481146,0.10264881,0.103277534,0.20921193,0.0040694927,0.0004868257,0.006013833,0.0018811971,0.0075582764,0.008659407,0,0,1
167343739,167148773,167153404,0,0.7062489,0.13361828,0.024659928,0.09,0.09,0.20250002,-0.13990545,0.10874675,0.08550024,-0.008300813,0.12803385,0.14415891,0.10204767,0.10250087,0.20889792,0.0076723113,0.004614929,0.0013997825,-0.00088275975,0.009175504,0.004941796,0,0,1
167742764,167548222,167552454,0,-0.31705385,-0.2917177,0.009477408,0.09,0.09,0.20250002,0.2163589,0.2994655,0.06493089,0.08390218,0.16285789,0.13286997,0.10195817,0.102646835,0.20877267,0.018364854,0.03494685,0.00080777257,0.0061279857,0.014929546,0.004310777,0,0,1
168341379,168148917,168151030,0,-0.11722362,-0.041903842,-0.0357691,0.09,0.09,0.20250002,-0.01270403,0.11943342,0.07794096,0.019978791,0.1280689,0.09599825,0.10158086,0.10214059,0.20856191,6.3552274e-05,0.00558616,0.0011650821,0.0021462047,0.008376318,0.002254381,0,0,1
168740389,168548625,168550081,0,0.02736645,0.045860715,0.03213941,0.09,0.09,0.20250002,-0.13134502,0.037037224,0.044873912,-0.045114383,0.09233237,0.074226156,0.10139787,0.10185808,0.20848514,0.0068054735,0.00053869304,0.00038634273,-0.0014608274,0.004945946,0.0014058937,0,0,1
169348918,169149270,169158633,0,-0.015208872,-0.00901006,-0.006654474,0.09,0.09,0.20250002,-0.105455555,0.028214583,0.033750873,-0.07318236,0.06990954,0.04514701,0.10134204,0.101710185,0.20839313,0.0043894416,0.00031307098,0.00021864857,-0.0026133158,0.0028061692,0.00061374746,0,0,1
169747973,169548018,169557683,0,0.011000648,0.018732993,0.004100411,0.09,0.09,0.20250002,-0.15608695,-0.031317964,0.033132944,-0.10985521,0.018200492,0.0400053,0.10126389,0.10159428,0.20835255,0.0096236225,0.00038616935,0.00021075661,-0.005594351,0.0011811155,0.00042654513,0,0,1
170346623,170147484,170156259,0,0.0048473114,0.010222049,-0.00062415854,0.09,0.09,0.20250002,-0.1804692,-0.026955156,0.015362623,-0.1534412,-0.011849783,0.027788863,0.10120491,0.101497576,0.20833297,0.012872551,0.00028634397,4.5314035e-05,-0.01003861,0.00021750468,0.00021255107,0,0,1
170745699,170547388,170555309,0,-0.28724182,-0.054925155,0.17624497,0.09,0.09,0.20250002,-0.1556825,-0.013260495,-0.06391517,-0.17078051,-0.017520487,0.0044299406,0.101145126,0.10144446,0.20833394,0.009585056,6.9334776e-05,0.00078434637,-0.012325491,-2.2829008e-05,-4.779967e-05,0,0,1
171344254,171146897,171153885,0,0.08098117,0.13527778,0.062900975,0.09,0.09,0.20250002,-0.13459983,-0.038192354,0.008744821,-0.12738098,-0.027683893,-0.010343558,0.1012025,0.10144989,0.20831974,0.0071607376,0.0005751237,1.4683562e-05,-0.0077716727,-0.000657613,-0.00012616147,0,0,1
171743265,171548276,171552935,0,0.040270023,0.081532136,0.17603363,0.09,0.09,0.20250002,-0.0286608,-0.0052924305,-0.0819754,-0.08039918,0.0056163766,-0.045023676,0.101219654,0.10147192,0.2083199,0.00032461737,1.1041408e-05,0.0012903168,-0.0041541588,0.000532397,-0.00068272004,0,0,1
172341932,172148176,172151511,0,-0.031180512,0.13516961,0.0552691,0.09,0.09,0.20250002,0.005864555,-0.03884896,-0.03050813,-0.029774271,-0.010234969,-0.021179602,0.101295575,0.101531625,0.20833199,1.3581246e-05,0.0005945898,0.00017870439,-0.001515872,2.3311262e-05,-0.00028894117,0,0,1
172740923,172546873,172550561,0,0.0015389955,0.014368617,-0.017990597,0.09,0.09,0.20250002,-0.014239701,0.015068066,0.03832022,-0.014846569,-0.000793414,0.010287091,0.101292506,0.101541646,0.20833531,8.007269e-05,8.94398e-05,0.00028193768,-0.00075970724,3.742884e-05,3.048766e-05,0,0,1
173339512,173147566,173149138,0,-0.014538597,0.015149165,0.006184543,0.09,0.09,0.20250002,0.0011470942,-0.025332859,0.02008762,-0.010591304,-0.01428052,0.014802895,0.10127153,0.10151138,0.20834927,5.197216e-07,0.00025287952,7.746847e-05,-0.00031576157,-0.00011213055,4.8925955e-05,0,0,1
173738518,173547354,173548188,0,-0.0014419548,0.006472728,0.003011465,0.09,0.09,0.20250002,-0.014939348,-0.02397208,0.01662886,-0.011471659,-0.018057082,0.016809823,0.101256356,0.10148884,0.20835085,8.816597e-05,0.00022649212,5.3087177e-05,-0.00019259333,-0.00015162381,5.92321e-05,0,0,1
174347094,174146922,174156741,0,-0.009596026,0.004107939,1.1931988e-05,0.09,0.09,0.20250002,-0.022013618,-0.03642218,0.03558359,-0.018659392,-0.027352903,0.028653495,0.101276934,0.10149768,0.20835845,0.00019139575,0.00052280014,0.00024307951,-0.00020279738,-0.0003327224,0.00017571916,0,0,1
174746195,174547680,174555792,0,0.08252879,-0.040074512,-0.013488503,0.09,0.09,0.20250002,0.031778596,-0.064133115,-0.028222451,-0.006864966,-0.038120918,0.016867397,0.10128255,0.10154328,0.20836307,0.0003988364,0.001620218,0.00015290747,-6.969295e-05,-0.00069879007,0.00014633051,0,0,1
175344746,175147222,175154368,0,-0.1583957,-0.3277545,-0.50640595,0.09,0.09,0.20250002,0.17129731,-0.0137530565,0.26014185,0.010836739,0.0022564544,0.08872139,0.10133091,0.101569675,0.20838647,0.011582949,7.4489384e-05,0.012990053,-2.5073072e-05,0.0002328169,0.0038163308,0,0,1
175743835,175547033,175553419,0,0.09760289,-0.17728774,0.63431954,0.09,0.09,0.20250002,-0.24623622,-0.06986211,-0.42478633,-0.04300193,-0.043948233,0.009171544,0.10099648,0.101204544,0.20837486,0.024013622,0.0019290495,0.034638233,-0.0059519806,-0.0016529046,-0.0010787536,0,0,1
176342397,176147552,176151995,0,0.24895218,0.059697226,-0.09360945,0.09,0.09,0.20250002,-0.05020185,-0.10290456,0.060128067,-0.01296844,-0.09538212,0.090700775,0.10114059,0.101373844,0.20836009,0.0009967217,0.0041783354,0.00069406466,-0.0017735293,-0.0066897627,0.0058738193,0,0,1
176741435,176547546,176551046,0,0.9561232,0.13604444,0.15789658,0.09,0.09,0.20250002,-0.2600513,-0.090446055,-0.07718768,-0.12122328,-0.05216493,-0.0026922761,0.10109513,0.10141133,0.20835358,0.026757643,0.003226657,0.0011438129,-0.011699641,-0.0033745945,0.0019888438,0,0,1
177340057,177146902,177149622,0,-0.16890828,-0.10544776,-0.07961972,0.09,0.09,0.20250002,0.005816579,-0.09835804,0.02465605,-0.036633253,-0.02982372,-0.022421347,0.1011651,0.10131924,0.20833379,1.3377177e-05,0.0038193355,0.000116720534,-0.00405145,-0.0018843212,0.0002364989,0,0,1
177739040,177546671,177548673,0,-0.047878698,0.03836831,0.035836846,0.09,0.09,0.20250002,-0.0721983,-0.12032874,-0.045124378,-0.04504009,-0.061964475,-0.02015251,0.10114642,0.101249896,0.20832385,0.0020614055,0.005720107,0.00039097,-0.0027195194,-0.0028910628,2.5445097e-05,0,0,1
178347592,178147433,178157226,0,-0.21757963,-0.07883596,-0.19961321,0.09,0.09,0.20250002,0.07205184,-0.081648655,0.08954538,-0.013237685,-0.083140835,0.02006753,0.10123424,0.101325005,0.20834649,0.0020512692,0.0026317306,0.0015394307,-0.0008896576,-0.0033681036,0.0003875541,0,0,1
178746643,178547146,178556277,0,0.12192434,0.19929448,0.16814771,0.09,0.09,0.20250002,-0.23702744,-0.27681974,-0.22449607,-0.11880364,-0.16371517,-0.07842583,0.101167664,0.10125039,0.20834863,0.022213425,0.030273136,0.009675798,-0.010610961,-0.01381779,-0.0031337044,0,0,1
179345287,179148843,179154853,0,0.32525718,-0.092710964,0.40039217,0.09,0.09,0.20250002,-0.4764743,-0.30940947,-0.47026485,-0.17224649,-0.18993185,-0.1351047,0.10113436,0.101218015,0.20834076,0.08979253,0.03783288,0.0424591,-0.02885283,-0.018276883,-0.012771309,0,0,1
179744359,179546559,179553904,0,0.58293176,-0.35469455,0.50777906,0.09,0.09,0.20250002,-0.11680466,-0.1497097,-0.20496914,-0.059044484,-0.16992176,-0.07003664,0.100906275,0.10113465,0.20836557,0.005408317,0.008864615,0.008065123,-0.0087262355,-0.013636042,-0.0057053864,0,0,1
180342880,180146026,180152480,0,-0.82181484,0.5049345,-0.2924763,0.09,0.09,0.20250002,-0.060757697,-0.40422395,-0.44724518,-0.20562923,-0.28207323,-0.16318619,0.10161857,0.10173863,0.2083938,0.0014530799,0.06424187,0.03839428,-0.035073128,-0.03681402,-0.016395062,0,0,1
180741941,180546965,180551531,0,0.07130814,0.090883434,0.4672509,0.09,0.09,0.20250002,-0.75570756,-0.5004779,-0.5853257,-0.17196658,-0.35134885,-0.1601997,0.10112436,0.101175286,0.20839171,0.22589765,0.0990274,0.06576196,-0.03946545,-0.05512053,-0.01948141,0,0,1
181340503,181147328,181150107,0,-0.2877063,0.02708802,0.092179075,0.09,0.09,0.20250002,-0.013137162,-0.2269533,0.15434316,-0.069080174,-0.3864048,-0.0058036465,0.10092254,0.10096517,0.20845175,6.8402966e-05,0.020406164,0.004571189,-0.015076499,-0.104802325,-0.004917405,0,0,1
181739462,181547140,181549158,0,0.9327632,-0.46143413,0.44114298,0.09,0.09,0.20250002,-0.13106662,-0.26065755,-0.051472604,-0.08882084,-0.39354068,-0.04300302,0.10084024,0.101349995,0.20847277,0.0068141283,0.026814943,0.00050835015,-0.010145496,-0.08993185,-0.003259284,0,0,1
182347930,182151924,181758660,0,6.3039775,-3.9677815,-1.7736013,0.09,0.09,0.20250002,-1.6680341,0.48817515,-0.33872437,-0.8113032,-0.039569106,-0.07572763,0.105126016,0.10935761,0.20907727,1.0586675,0.08716905,0.021950584,-0.52038914,-0.026751822,-0.003598865,0,1,0
182747091,182552859,182556760,0,3.6342938,-2.805269,-1.8198656,0.09,0.09,0.20250002,-0.13658118,-0.66271067,0.52205884,-0.46041128,-0.31276846,0.04334752,0.10486649,0.10626599,0.20901383,0.007115493,0.16531552,0.05215835,-0.26730162,-0.07991456,0.008840879,0,0,1
183345648,183152412,183155335,0,2.6285772,-2.727318,-0.6583135,0.09,0.09,0.20250002,-0.23372555,-0.4358523,0.092787266,-0.35114127,-0.30508876,-0.20151055,0.1023582,0.10244326,0.20877726,0.021347633,0.074174605,0.0016495046,-0.121344686,-0.05689351,-0.03168621,0,0,1
183744705,183552237,183554384,0,2.4597058,-2.180972,0.11015186,0.09,0.09,0.20250002,-0.48314774,-0.077071905,-0.50577605,-0.3529536,-0.24242218,-0.40152082,0.10165452,0.10165591,0.2086657,0.09185297,0.0023373275,0.049037173,-0.09058946,-0.037698675,-0.052510794,0,0,1
184353271,184153090,184162935,0,2.8854058,-1.8445117,0.7014434,0.09,0.09,0.20250002,-0.3184688,-0.14807618,-0.73916346,-0.31109384,-0.24332128,-0.5251546,0.10126801,0.101256795,0.20863464,0.04006098,0.008661761,0.10475013,-0.054509778,-0.031767976,-0.08151871,0,0,1
184742422,184551541,184552008,0,3.4283955,-1.9973841,-0.033411507,0.09,0.09,0.20250002,-0.09710288,-0.32215834,-0.29654023,-0.21436189,-0.278775,-0.345411,0.10122867,0.101521954,0.20862034,0.00372581,0.04089204,0.016860506,-0.030421197,-0.035505924,-0.04642932,0,0,1
185350877,185151227,185160558,0,3.774506,-2.4572313,-0.3705797,0.09,0.09,0.20250002,-0.2559402,-0.23192811,0.17424777,-0.17211486,-0.24524358,-0.2545312,0.10109703,0.10135008,0.20859882,0.025917828,0.021229642,0.0058221393,-0.01982126,-0.02605929,-0.04057918,0,0,1
185749968,185551050,185559607,0,3.3938522,-1.8900021,0.30446938,0.09,0.09,0.20250002,-0.10849333,-0.22047842,-0.93195164,-0.07329734,-0.24069707,-0.5002343,0.10137433,0.10138994,0.20855987,0.0046444903,0.019177735,0.16657737,-0.0074560107,-0.024102774,-0.07846189,0,0,1
186348487,186150708,186158180,0,3.9222643,-2.0638666,-0.54690665,0.09,0.09,0.20250002,0.03966546,-0.2556932,-0.93018395,-0.094602674,-0.2305106,-0.47542572,0.101657115,0.10186849,0.20857286,0.0006190806,0.025671927,0.16593571,-0.009995724,-0.022329928,-0.0769459,0,0,1
186747559,186550553,186557229,0,3.959946,-2.347427,-1.0885178,0.09,0.09,0.20250002,-0.17708659,-0.4220469,-0.1017319,-0.11114453,-0.27954537,-0.39218494,0.10136717,0.101516016,0.20856364,0.012374681,0.07018541,0.0019848866,-0.008925376,-0.03474307,-0.053461768,0,0,1
187346164,187153316,187155801,0,3.730399,-2.397922,-1.1391244,0.09,0.09,0.20250002,-0.3049307,-0.3334067,-0.08138788,-0.14723413,-0.2474205,-0.46056923,0.10111563,0.101191014,0.20855528,0.03678273,0.043940667,0.0012704519,-0.014257209,-0.02892876,-0.06988816,0,0,1
187745143,187550347,187554849,0,3.3447065,-1.8221025,-1.675117,0.09,0.09,0.20250002,0.030908346,0.00579679,-1.1423082,-0.056329105,-0.22618489,-0.55618083,0.10214992,0.102016516,0.20854244,0.00037408777,1.3175426e-05,0.25028345,-0.006991661,-0.034855984,-0.1074948,0,0,1
188343718,188149430,188153420,0,2.2981544,-0.3905971,-1.422402,0.09,0.09,0.20250002,0.3032844,-0.46243888,-0.33066618,0.041808892,-0.31932244,-0.50813025,0.10183685,0.10137941,0.20854981,0.03612894,0.08437599,0.020971512,0.0031210831,-0.05962215,-0.06975989,0,0,1
188742798,188549244,188552468,0,1.6979373,0.38457432,-0.34113222,0.09,0.09,0.20250002,-0.30811715,-0.04402584,-0.57885873,-0.078103766,-0.13026042,-0.62646323,0.10191595,0.10125101,0.2086404,0.037260577,0.0007657304,0.06424018,-0.009286991,-0.026714368,-0.09220588,0,0,1
189351323,189151962,189161015,0,0.62064254,1.5331763,0.4272321,0.09,0.09,0.20250002,-0.280437,0.066502094,-1.4379325,-0.01790833,-0.059212316,-0.7762558,0.10251519,0.101593114,0.20877692,0.030686148,0.001741271,0.3961453,-0.0009723959,-0.012462162,-0.16489668,0,0,1
189750401,189550717,189560063,0,-0.2907059,2.5794559,0.014231345,0.09,0.09,0.20250002,0.4343501,-0.077531576,0.11484062,0.15573692,-0.0856861,-0.43333378,0.102401614,0.100943275,0.20880507,0.073694155,0.0023819893,0.002526446,0.023786932,-0.009216461,-0.088117726,0,0,1
190349000,190151294,190158633,0,-1.3407309,3.491128,0.7349315,0.09,0.09,0.20250002,0.4695052,-0.0740149,-0.015002906,0.16118097,0.036013853,-0.5399539,0.10220143,0.100847185,0.20887665,0.08627477,0.002172874,4.310433e-05,0.029638993,0.005295248,-0.10936075,0,0,1
190747996,190550258,190557680,0,-2.4056497,3.79347,0.9115764,0.09,0.09,0.20250002,-0.038629055,0.4617777,-1.2651429,0.17451562,0.20502631,-0.69919527,0.10295488,0.10200964,0.20899837,0.00057975063,0.08361509,0.30633476,0.035313856,0.03239176,-0.14686565,0,0,1
191346519,191149760,191156250,0,-4.5902586,4.058385,0.35241902,0.09,0.09,0.20250002,0.3103814,0.5013833,-0.5259154,0.28918839,0.28187677,-0.52580184,0.10252258,0.10243841,0.20909604,0.037586495,0.09816053,0.05291099,0.057148624,0.046558723,-0.07837004,0,0,1
191745598,191549607,191555296,0,-5.2735724,4.536075,0.699818,0.09,0.09,0.20250002,0.3602047,0.13279247,-0.3608624,0.16986245,0.22751397,-0.6731956,0.10203195,0.10197549,0.20906988,0.050865404,0.0069168936,0.024914479,0.031325113,0.029733874,-0.13236438,0,0,1
192344161,192147877,192153866,0,-6.2979827,5.044383,0.35801998,0.09,0.09,0.20250002,0.118676186,0.43063736,-0.8801186,0.12257468,0.42511758,-0.67470044,0.10226776,0.10244024,0.20902076,0.005508691,0.07241238,0.14823575,0.020027868,0.088097975,-0.12635821,0,0,1
192743264,192549661,192552911,0,-6.921455,4.3443203,-0.9219383,0.09,0.09,0.20250002,0.026839733,0.79585123,-0.23710358,0.097136855,0.5746284,-0.42506158,0.10224973,0.10273023,0.20896402,0.00028180858,0.24661842,0.010761299,0.01168135,0.147949,-0.06756919,0,0,1
193341862,193150247,193151479,0,-7.2166686,3.308606,-0.93314236,0.09,0.09,0.20250002,-0.0236516,0.80942655,-0.19439322,0.019229835,0.5895435,-0.5506766,0.10187342,0.102325335,0.20887284,0.00021964443,0.25611305,0.0072366945,0.0031551227,0.1544468,-0.091661215,0,0,1
193740853,193550021,193550525,0,-7.092883,2.359617,-1.4595764,0.09,0.09,0.20250002,-0.12048197,0.37534332,-1.304296,-0.034078345,0.53936005,-0.7751032,0.10298343,0.10319621,0.20885378,0.005638152,0.054607667,0.3258142,-0.00017328955,0.12728606,-0.153757,0,0,1
194349433,194149498,194159069,0,-6.920548,0.46963865,-1.6215222,0.09,0.09,0.20250002,-0.04834938,0.5203459,-0.6962817,-0.0117497705,0.5920718,-0.5399453,0.1029414,0.10286014,0.20888883,0.0009083469,0.10529245,0.092835635,0.0017303893,0.15381119,-0.0911327,0,0,1
194748397,194550610,194558113,0,-7.081695,-0.35353217,-0.711964,0.09,0.09,0.20250002,0.19163847,0.40350986,-0.5135751,0.05698959,0.44214958,-0.6954126,0.1022319,0.102100894,0.20892921,0.01436941,0.06378796,0.050497364,0.005121543,0.097810306,-0.13090512,0,0,1
195346995,195150043,195156681,0,-7.258374,-2.054718,0.26480043,0.09,0.09,0.20250002,0.069143295,-0.021602154,-1.3011762,-0.007512025,0.32072252,-0.7908724,0.10266493,0.10174282,0.20908448,0.0018626791,0.00018346378,0.3238996,-0.00051203725,0.07653376,-0.16598272,0,0,1
195746021,195549869,195555726,0,-7.2589426,-3.7587087,0.5002134,0.09,0.09,0.20250002,-0.24603653,0.6617429,-0.17288223,-0.060697034,0.49358597,-0.5141319,0.10205065,0.10101764,0.20911385,0.023727031,0.17339693,0.005717128,-0.0066862796,0.12710594,-0.08984369,0,0,1
196344584,196150577,196154292,0,-6.880726,-5.4745307,0.91630536,0.09,0.09,0.20250002,-0.13518286,0.49245882,-0.13954967,-0.0466189,0.38731924,-0.5727247,0.10195219,0.100870095,0.20917073,0.007169794,0.09616951,0.0037240607,-0.0035585929,0.07871797,-0.098813646,0,0,1
196743702,196549377,196553337,0,-5.898214,-6.6398845,0.21091507,0.09,0.09,0.20250002,-0.07783365,-0.042321205,-0.9993509,-0.123861104,0.26421267,-0.5987684,0.10309775,0.10190247,0.20932375,0.0023504207,0.0007030583,0.19084355,-0.014104867,0.051933277,-0.105337836,0,0,1
197342237,197147456,197151903,0,-4.174816,-7.808166,-0.4801799,0.09,0.09,0.20250002,-0.40678358,0.17419767,-0.30083013,-0.20355022,0.2240796,-0.41239768,0.10220138,0.10197926,0.20928693,0.064763464,0.011902353,0.017296594,-0.030878011,0.030164536,-0.0687381,0,0,1
197741287,197547909,197550946,0,-2.186177,-7.9656196,-0.63834506,0.09,0.09,0.20250002,-0.15185714,0.17793179,-0.3051408,-0.1210034,0.13253255,-0.53261673,0.10161585,0.10288561,0.20941679,0.0090775555,0.0123087065,0.017784802,-0.017025188,0.016879383,-0.09184514,0,0,1
198339810,198148827,198149511,0,1.4725559,-7.023682,0.21187367,0.09,0.09,0.20250002,0.45075107,0.060098648,-1.1297841,-0.08719275,0.008590928,-0.61903024,0.10097795,0.104956046,0.2099109,0.080483526,0.0013765182,0.24322931,-0.019775322,0.0021387418,-0.1121256,0,0,1
198738867,198548186,198548554,0,4.53109,-4.875872,0.44147688,0.09,0.09,0.20250002,-0.71304154,-0.7766762,-0.1287227,-0.28973448,-0.18571116,-0.44602054,0.10049069,0.104378946,0.21016735,0.20237824,0.23116764,0.0031535884,-0.071177125,-0.06291922,-0.06625116,0,0,1
199347480,199150213,199157095,0,5.6608963,0.037294,0.8922467,0.09,0.09,0.20250002,-0.35808277,-0.5121824,-0.28911346,-0.1697545,-0.21569954,-0.52826506,0.102798805,0.102489285,0.21071902,0.049892902,0.10238371,0.01586693,-0.03710516,-0.05620731,-0.07642242,0,0,1
199746569,199550081,199556138,0,4.352443,3.5350692,0.061073653,0.09,0.09,0.20250002,0.13258314,-0.19360328,-0.52364135,-0.051073436,-0.2644444,-0.45389664,0.105624974,0.10125488,0.211092,0.0066568684,0.01480708,0.051958438,-0.017046567,-0.051800594,-0.05494873,0,0,1
200345104,200150823,200154701,0,1.5687222,6.056734,-0.46312195,0.09,0.09,0.20250002,0.5494523,-0.3326373,0.10479045,0.07773375,-0.17345203,-0.36648563,0.10447958,0.10060732,0.21100962,0.115581565,0.04399186,0.0020816186,0.020953245,-0.030451983,-0.0479389,0,0,1
200744116,200551682,200553743,0,-0.72676915,6.2336383,-0.33878812,0.09,0.09,0.20250002,-0.4900815,0.1022768,-0.97651494,-0.07101373,-0.074112296,-0.5731699,0.103356525,0.102029994,0.2109356,0.09295199,0.0041009686,0.18082891,-0.014275597,-0.014778361,-0.086795285,0,0,1
201342787,201151386,201152306,0,-5.5714808,4.9974356,-0.5291462,0.09,0.09,0.20250002,-0.052384853,-0.001054287,-0.765517,0.11217391,-0.022472804,-0.4785524,0.10107343,0.10390222,0.21087591,0.0010860116,4.2791038e-07,0.11115851,0.0218387,-0.005475521,-0.064648695,0,0,1
201741718,201551072,201551348,0,-7.7531533,3.1542106,0.5255185,0.09,0.09,0.20250002,0.28553534,0.27552772,-0.290743,0.080005445,-0.013601379,-0.5037658,0.09987363,0.10314138,0.21086712,0.032653436,0.029441344,0.016035024,0.013779775,-0.0065998817,-0.06648169,0,0,1
202350225,202151735,202159886,0,-9.111313,-3.0569425,1.128388,0.09,0.09,0.20250002,0.072395325,-0.48234963,-0.6075073,0.045530718,-0.12529065,-0.5582102,0.10182267,0.10207448,0.21110018,0.0020589062,0.091173105,0.069931746,0.0056647556,-0.021114375,-0.067866206,0,0,1
202749251,202551478,202558927,0,-7.639147,-6.824587,1.7741772,0.09,0.09,0.20250002,-0.32411575,0.09045935,-0.2842418,-0.09823325,0.058763295,-0.4262297,0.10281193,0.100260384,0.2112421,0.04087114,0.0032646568,0.01529873,-0.010385221,0.00834374,-0.042366914,0,0,1
203347868,203152192,203157488,0,-2.4769735,-9.958031,1.4185578,0.09,0.09,0.20250002,-0.37408233,0.035712242,-0.02879119,-0.047343705,-0.062356364,-0.41516018,0.10310446,0.099595085,0.21140023,0.05428964,0.00051221973,0.00015684612,-0.009018615,-0.013461863,-0.050328553,0,0,1
203746965,203551972,203556529,0,1.5383685,-9.2881775,0.8971541,0.09,0.09,0.20250002,0.44971335,-0.28662872,-0.7577175,0.01855324,-0.16966896,-0.49491206,0.10203064,0.1017276,0.21154976,0.07928681,0.03230432,0.10855806,0.0039501516,-0.022211697,-0.06082533,0,0,1
204345505,204151563,204155089,0,6.0548096,-5.018481,-0.06459059,0.09,0.09,0.20250002,0.10254383,-0.4814434,-0.23033728,0.0029499806,-0.28071135,-0.32239267,0.10035044,0.10313166,0.21156232,0.0041914065,0.08989975,0.010031136,-0.0041641262,-0.053308144,-0.038769525,0,0,1
204744485,204552384,204554129,0,6.5719056,-1.0337331,-0.4049945,0.09,0.09,0.20250002,-0.031132698,0.047821462,-0.48721623,0.06389892,-0.11418394,-0.49551696,0.10123584,0.10233002,0.2115024,0.0003829651,0.00089392817,0.044893987,0.0076264027,-0.026473442,-0.06665202,0,0,1
205343028,205151979,205152689,0,3.090985,4.2760763,0.16180308,0.09,0.09,0.20250002,-0.12486982,0.45180082,-0.9696684,0.10344004,-0.06469495,-0.51645523,0.10311174,0.10038837,0.21150908,0.0060487674,0.08133372,0.17781872,0.016454797,-0.016061494,-0.07827014,0,0,1
205752067,205554506,205561704,0,-0.7433722,6.1901884,0.48219138,0.09,0.09,0.20250002,0.7347074,-0.18451786,0.14594668,0.22989091,-0.12574208,-0.31583574,0.10215049,0.099944286,0.21151371,0.21137245,0.013626328,0.0040281895,0.06683384,-0.015183824,-0.0469767,0,0,1
206350594,206151907,206160263,0,-6.367922,5.13509,1.8008791,0.09,0.09,0.20250002,0.45001554,-0.15599203,-0.079638004,0.061510134,-0.07731816,-0.43617165,0.10006449,0.10131145,0.2115996,0.08095338,0.009607409,0.0011989081,-0.0021488075,-0.006632375,-0.07233604,0,0,1
206749615,206552788,206559303,0,-8.425886,1.130965,3.2612412,0.09,0.09,0.20250002,0.16198158,0.41381264,-0.55880547,0.10773985,0.105336934,-0.45105797,0.099035636,0.10147529,0.21159479,0.010597412,0.06750053,0.05903048,0.0037113253,0.017263977,-0.058143202,0,0,1
207348055,207153261,207157861,0,0.00893157,0.019078724,0.011320491,19.209045,19.209045,43.220352,-5.227268,-0.9111738,4.473696,-1.5544238,-0.36896428,0.86513495,19.218815,19.219055,43.22904,0.056869965,0.001727947,0.018518994,-0.026121562,0.0035367198,-0.030602142,0,0,1
207747230,207554627,207357380,0,-0.2338539,-0.29950058,0.4247831,0.3213694,0.3213694,0.7230812,-4.71626,-0.30431926,4.1820335,-3.0204659,-0.18656312,2.0540414,0.3330941,0.3334008,0.7318519,2.6710901,0.011110976,0.9558986,-0.8412472,-0.00080339477,0.26586807,0,1,0
208345644,208153142,207357380,0,0.20628327,-0.1531606,0.061168883,0.26235604,0.26235604,0.5903011,-5.150738,-0.48624858,4.29709,-4.281156,-0.37989256,3.5302544,0.37795073,0.37840718,0.6988251,2.8077838,0.02499294,1.0569158,-2.605939,-0.02342445,1.0687981,0,1,0
208744729,208550490,208554499,0,0.095214784,-0.020738788,0.021174299,0.9902582,0.9902582,2.228081,-4.9800797,-0.5501629,4.1045017,-4.649985,-0.4502648,3.7968342,1.2033247,1.2039725,2.4307778,0.82442236,0.010056019,0.27722707,-2.2612417,-0.021124525,0.9043761,0,0,1
209343301,209149111,209153059,0,0.026066978,0.043070354,-0.37994525,4.2057037,4.2057037,9.462833,-2.2092855,-0.28222793,3.0889938,-3.5444562,-0.34958565,3.518228,4.4226136,4.422879,9.72855,0.04414532,0.0007203688,0.039232496,-0.99210125,-0.009060386,0.4282719,0,0,1
209742311,209547870,209552099,0,0.5758797,0.13610017,-0.22209562,2.4170532,2.4170532,5.4383698,-1.3743455,-0.1451238,1.537624,-2.611553,-0.27399486,2.8283572,2.5820174,2.5820975,5.6707835,0.029261237,0.00032626058,0.016676974,-0.5849172,-0.005937394,0.31054467,0,0,1
210340907,210143464,210150660,0,0.34701207,0.07211107,-0.19098876,1.7098627,1.7098627,3.847191,-0.5437957,0.047271743,0.9488481,-1.388817,-0.09732866,1.7231034,1.9447253,1.9447784,4.146756,0.0060823765,4.5961384e-05,0.008684501,-0.22243837,-0.0021855945,0.12262206,0,0,1
210739962,210542846,210549701,0,0.1010284,0.04907881,-0.027975926,0.09,0.09,0.20250002,0.02349516,0.12077704,0.4182714,-0.75560975,0.0009220077,1.1422565,0.33776522,0.33777386,0.5142603,6.5373526e-05,0.001727439,0.0136079695,-0.1140159,-0.000581347,0.068080604,0,0,1
211338493,211142586,211148262,0,-0.09606481,0.09410212,0.27294838,3.818513,3.818513,8.591654,0.27932888,0.08720126,-0.32298014,-0.15752211,0.016114514,0.29080552,3.9890058,3.9889731,8.811199,0.0007823967,7.62508e-05,0.00047356173,-0.041168444,-0.00021422982,0.02456696,0,0,1
211737567,211543055,211547302,0,-0.224292,-0.031053202,0.31676087,6.9317017,6.9317017,15.596329,0.46454665,0.256643,-0.45829737,0.12708542,0.11054363,-0.060563378,7.1384425,7.138353,15.844092,0.0012092475,0.00036908028,0.00053025817,-0.020130403,7.385398e-05,0.012113569,0,0,1
212336074,212142791,212145864,0,-0.49026555,-0.10403406,0.09594879,7.6919556,7.6919556,17.3069,0.46135217,0.25945434,-0.24831945,0.43077183,0.18481836,-0.16617681,7.7906666,7.7905536,17.44415,0.0010928247,0.00034563168,0.00014139421,0.004977131,0.0014621796,0.0025438736,0,0,1
212735140,212544171,212544905,0,-0.41185752,0.036079105,0.05240248,0.17408615,0.17408615,0.39169383,0.41996118,0.15964903,-0.28070623,0.4214576,0.16057591,-0.20361768,0.26242328,0.26220247,0.5033833,0.026882889,0.0038882643,0.006261311,0.011527014,0.0019385649,-0.00062689587,0,0,1
213343682,213145081,213153443,0,-0.003616538,-0.01978813,0.033333626,0.09,0.09,0.20250002,-0.07055625,0.085517764,-0.20666954,0.12815385,0.14854382,-0.22949438,0.11722756,0.11711502,0.24465616,0.0016986398,0.0024978137,0.006983237,0.0034619889,0.005020161,-0.006134996,0,0,1
213742713,213546382,213552485,0,-0.041722476,-0.1277707,0.12345272,0.19140625,0.19140625,0.43066406,0.05252362,0.17349422,-0.32906336,0.08767573,0.14869694,-0.24106193,0.21026142,0.2101132,0.45876554,0.0005248192,0.005730291,0.009441223,0.0020081876,0.005151679,-0.006569695,0,0,1
214341279,214146949,214151048,0,0.014690846,-0.14025667,0.24339353,0.13482666,0.13482666,0.30336,0.019309767,0.12081273,-0.4464981,0.013125664,0.13040552,-0.3614226,0.15134561,0.15108076,0.32356346,9.8547185e-05,0.003864348,0.02464562,0.00019440502,0.004684839,-0.019060537,0,0,1
214740362,214546004,214550090,0,-0.0049507683,-0.14005487,0.2570964,0.22202134,0.22202134,0.49954802,0.05674128,0.11288521,-0.46965373,0.035585675,0.12967269,-0.40631574,0.23786876,0.23753949,0.5162339,0.0005414032,0.0021458445,0.01709106,0.00055095466,0.004764864,-0.02145099,0,0,1
215338887,215146721,215148653,0,-0.00782769,-0.10994846,0.3823409,0.23627764,0.23627764,0.5316247,0.09774102,0.111656696,-0.65468377,0.042689435,0.091551945,-0.507144,0.2549791,0.25445786,0.5459993,0.0014986809,0.0019598086,0.031400103,0.00063329056,0.0023766784,-0.024296131,0,0,1
215737977,215546152,215547695,0,-0.039919477,-0.041914582,0.33215982,0.14394021,0.14394021,0.32386547,0.13503195,0.052675165,-0.63970685,0.07807827,0.06994052,-0.5799389,0.16469662,0.16408274,0.3370679,0.004428416,0.0006764083,0.0485629,0.0018698868,0.0014666214,-0.034444287,0,0,1
216346498,216146506,216156235,0,-0.08984849,-0.0048280805,0.26829818,0.09,0.09,0.20250002,0.14307925,0.02895952,-0.5901079,0.10392477,0.03909218,-0.60366195,0.1084174,0.10799503,0.2134699,0.00755291,0.0003106268,0.06525086,0.004073024,0.00066267414,-0.0577178,0,0,1
216745590,216545616,216555278,0,-0.10791738,0.020112917,0.29316145,0.09,0.09,0.20250002,0.10202682,0.008268507,-0.6313003,0.115232214,0.026367825,-0.6076815,0.1068393,0.10652623,0.21233961,0.0038972446,2.5671878e-05,0.07507596,0.005183418,0.00037569745,-0.063998096,0,0,1
217344072,217146764,217153842,0,-0.077096336,0.004149065,0.14981726,0.09,0.09,0.20250002,0.0011794418,0.030075476,-0.52024484,0.066203766,0.02378136,-0.5651053,0.10537815,0.105175614,0.21118042,5.2803466e-07,0.00034400914,0.05126511,0.0026019858,0.00031978567,-0.058550876,0,0,1
217743110,217547238,217552885,0,-0.097877935,0.00012115892,0.12123493,0.09,0.09,0.20250002,-0.005137019,0.030225983,-0.5200937,0.02959691,0.027259994,-0.546257,0.10472472,0.10457708,0.21061137,1.0079363e-05,0.00034944943,0.051373757,0.0013102771,0.00034170892,-0.05566239,0,0,1
218341720,218148291,218151449,0,-0.07895436,-0.013734196,0.08608845,0.09,0.09,0.20250002,-0.06631895,0.028646354,-0.531932,-0.02116921,0.031174744,-0.51738656,0.10398464,0.10390414,0.20999622,0.0016918665,0.00031591178,0.053896524,-0.00025630824,0.00040185766,-0.050730232,0,0,1
218740778,218548042,218550493,0,-0.07197325,0.010102014,-0.06194866,0.09,0.09,0.20250002,-0.09926376,-0.006827604,-0.41796738,-0.046827953,0.015966602,-0.4775518,0.10362104,0.103577875,0.20969707,0.0038035878,1.8002369e-05,0.03332364,-0.001329523,0.00020761872,-0.043686174,0,0,1
219339332,219147776,219149058,0,-0.0009257159,-0.010888129,-0.18285856,0.09,0.09,0.20250002,-0.19958834,0.0022008829,-0.35777953,-0.10459481,0.0038824668,-0.42960364,0.103163734,0.103167266,0.2093559,0.015445545,1.8780707e-06,0.024457144,-0.0059221652,6.627619e-05,-0.035740957,0,0,1
219748290,219548204,219558077,0,-0.015929358,-0.009105213,-0.18486567,0.09,0.09,0.20250002,-0.17811424,-0.012014193,-0.40024668,-0.14867571,-0.0010159509,-0.40892574,0.10300458,0.10303503,0.20921199,0.012319717,5.603564e-05,0.030628722,-0.010293272,1.8135588e-05,-0.032307982,0,0,1
220346892,220148019,220156643,0,0.004091746,0.011062504,-0.0688254,0.09,0.09,0.20250002,-0.18742271,-0.041202907,-0.5702294,-0.17803377,-0.02878188,-0.47918168,0.102663465,0.10272481,0.209052,0.013686376,0.0006610592,0.062216405,-0.013158202,-0.00049006054,-0.04483891,0,0,1
220745914,220547457,220555687,0,0.0690524,-0.019891364,-0.02190047,0.09,0.09,0.20250002,-0.24227694,-0.01947728,-0.6414163,-0.2087743,-0.022827452,-0.57023203,0.10248093,0.10255917,0.20896931,0.022910843,0.00014795925,0.07875126,-0.0177961,-0.00030511178,-0.06442279,0,0,1
221344521,221147577,221154253,0,-0.021934716,-0.025847862,0.049123876,0.09,0.09,0.20250002,-0.12502739,-0.029855149,-0.7426305,-0.1919269,-0.0317988,-0.6489118,0.10225128,0.102349706,0.20889133,0.006115072,0.0003483468,0.10560515,-0.015613398,-0.00046963198,-0.0823658,0,0,1
221743544,221548100,221553297,0,-0.019998332,0.004048299,0.030002873,0.09,0.09,0.20250002,-0.13995683,-0.07255089,-0.73929745,-0.15975837,-0.046747148,-0.6961474,0.1021217,0.102230735,0.2088471,0.0076723807,0.0020595104,0.1046815,-0.01107236,-0.0010118557,-0.09414153,0,0,1
222342096,222148055,222151864,0,0.023056172,0.019070363,-0.0158933,0.09,0.09,0.20250002,-0.18741012,-0.09462742,-0.7142393,-0.1717984,-0.06664125,-0.7221976,0.10197099,0.102091745,0.20879032,0.013777467,0.0035083536,0.097732075,-0.012011283,-0.0019407013,-0.10051598,0,0,1
222741188,222548388,222550909,0,0.064222276,-0.0068881996,-0.050576493,0.09,0.09,0.20250002,-0.2250044,-0.067585215,-0.6948927,-0.19192673,-0.069612116,-0.70148903,0.1018947,0.10202087,0.20877133,0.019874236,0.0017909127,0.09251767,-0.014881379,-0.0020121904,-0.094694056,0,0,1
223339765,223147473,223149475,0,0.027100317,-0.017786732,0.030189648,0.09,0.09,0.20250002,-0.16947597,-0.06628181,-0.7876846,-0.19091758,-0.06647061,-0.7671897,0.101770535,0.10190072,0.20875071,0.011288967,0.0017245329,0.118887655,-0.014653867,-0.0017766891,-0.11348645,0,0,1
223738749,223546778,223548520,0,0.036987774,0.002083911,-0.028024234,0.09,0.09,0.20250002,-0.17812529,-0.09020114,-0.73585266,-0.17957905,-0.07585069,-0.75569236,0.10171454,0.1018456,0.20873488,0.012477516,0.0031955217,0.10376398,-0.012926403,-0.002322235,-0.109825134,0,0,1
224347334,224147875,224157064,0,0.042084377,0.007007917,-0.024838766,0.09,0.09,0.20250002,-0.14474826,-0.27996022,-0.7586615,-0.18025616,-0.14058587,-0.7295522,0.10170209,0.10183908,0.20872141,0.008240561,0.03078493,0.110303454,-0.01313816,-0.010824202,-0.10240276,0,0,1
224746379,224548189,224556109,0,0.004031746,0.0061520017,-0.03294084,0.09,0.09,0.20250002,-0.107967645,-0.23459467,-0.7607496,-0.15299399,-0.1926579,-0.74383795,0.101672515,0.101806246,0.20874436,0.004586102,0.021623293,0.11089928,-0.00976892,-0.017291917,-0.10627658,0,0,1
225344931,225148121,225154677,0,-0.004976515,-0.017090922,-0.0109540885,0.09,0.09,0.20250002,-0.1090536,-0.15720074,-0.78863704,-0.13057683,-0.18368956,-0.7556019,0.10160954,0.101736024,0.2087196,0.0046817204,0.009716155,0.11919309,-0.007049944,-0.014397864,-0.10959176,0,0,1
225744028,225547535,225553723,0,-0.005983166,-0.003969551,-0.037968166,0.09,0.09,0.20250002,-0.11685496,-0.14558217,-0.76386213,-0.12439764,-0.16511081,-0.7613153,0.10157792,0.10169911,0.20871267,0.005377185,0.008336029,0.11182558,-0.0062810434,-0.01143909,-0.111175194,0,0,1
226342580,226148600,226152291,0,0.003208516,-0.007852785,0.014394918,0.09,0.09,0.20250002,-0.13633549,-0.10881146,-0.818982,-0.1295993,-0.13378122,-0.7884216,0.10154855,0.101661064,0.2087179,0.0073215677,0.0046585915,0.12854318,-0.0067015677,-0.00757867,-0.119276114,0,0,1
226741641,226548117,226551337,0,0.013000937,-0.0029889983,0.0020016115,0.09,0.09,0.20250002,-0.14776812,-0.09597907,-0.80730397,-0.13779904,-0.117906235,-0.7975578,0.10153445,0.10164083,0.2087149,0.008602171,0.0036253082,0.12490526,-0.0075518256,-0.0058553666,-0.12199944,0,0,1
227340240,227146784,227149906,0,0.005083145,-6.961281e-05,0.04615858,0.09,0.09,0.20250002,-0.14217746,-0.07956675,-0.8474558,-0.14017324,-0.095686466,-0.82741636,0.10150214,0.10159941,0.20871864,0.0079661105,0.002492482,0.13763626,-0.00776868,-0.0038584587,-0.13133961,0,0,1
227739285,227546123,227548952,0,0.008048745,0.0011944402,0.022088552,0.09,0.09,0.20250002,-0.14654474,-0.07545341,-0.82043725,-0.14252129,-0.08473941,-0.8274881,0.10149212,0.10158395,0.20871396,0.008463853,0.0022417782,0.12900282,-0.008021084,-0.0030072965,-0.13130547,0,0,1
228337835,228147123,228147521,0,0.0061654425,-0.0057311766,0.01530781,0.09,0.09,0.20250002,-0.14732328,-0.055151496,-0.80674464,-0.14624618,-0.06879606,-0.81700546,0.10146203,0.10154589,0.20869322,0.00855656,0.0011981528,0.12474519,-0.008440715,-0.001992844,-0.12797153,0,0,1
228746861,228546680,228556543,0,0.0049720695,-0.0068013454,0.005942164,0.09,0.09,0.20250002,-0.14637694,-0.05396709,-0.7942061,-0.14713758,-0.062324792,-0.80732214,0.101521574,0.10160149,0.20870164,0.008442031,0.0011466157,0.12089282,-0.0085393125,-0.001613456,-0.12495824,0,0,1
229345383,229147625,229155113,0,0.005991694,-0.0018153557,0.00097869,0.09,0.09,0.20250002,-0.144194,-0.06850194,-0.7770987,-0.14561431,-0.06368712,-0.7917088,0.10147012,0.10154327,0.20869759,0.00819627,0.0018484793,0.11574306,-0.008360456,-0.0016319837,-0.12018073,0,0,1
229744451,229546879,229554159,0,0.0039085075,-0.0029684037,-0.0061756535,0.09,0.09,0.20250002,-0.13863957,-0.0802086,-0.76304924,-0.14181066,-0.07065428,-0.7789813,0.101437435,0.10150671,0.20868555,0.0075794226,0.0025351702,0.1116022,-0.007935636,-0.0020056644,-0.116364494,0,0,1
230343010,230146903,230152729,0,-0.0039134547,-0.0018163592,-0.0048403377,0.09,0.09,0.20250002,-0.12607601,-0.1017075,-0.7515879,-0.13433976,-0.08758063,-0.76401764,0.101414405,0.101478174,0.20866299,0.00626939,0.0040774937,0.10828646,-0.0071368194,-0.0031072493,-0.11193647,0,0,1
230742044,230546283,230551776,0,-0.0054934598,-0.0008538277,-0.0029839308,0.09,0.09,0.20250002,-0.11739946,-0.11769867,-0.7415055,-0.12826827,-0.099123016,-0.75544226,0.10137299,0.101432614,0.20864376,0.005438385,0.0054629287,0.105410375,-0.0065203155,-0.0039827353,-0.109439895,0,0,1
231340695,231146147,231150346,0,-0.007855881,-0.00412278,-0.0027165117,0.09,0.09,0.20250002,-0.113693655,-0.17347157,-0.7202898,-0.11953724,-0.13508664,-0.73494506,0.10134204,0.10139855,0.20863369,0.0051020277,0.011870933,0.09946954,-0.005666859,-0.0076206997,-0.103611656,0,0,1
231739664,231546548,231549395,0,-0.0029214008,0.0009005689,-0.01684378,0.09,0.09,0.20250002,-0.113548525,-0.2150137,-0.69049275,-0.115787506,-0.1704635,-0.71595013,0.1013295,0.10138287,0.20862229,0.0050896406,0.01824012,0.09141502,-0.0053121345,-0.012208877,-0.098378815,0,0,1
232338240,232146439,232147964,0,0.0040681344,0.0040438245,-0.010870182,0.09,0.09,0.20250002,-0.114326485,-0.24069054,-0.67618006,-0.11326125,-0.21254426,-0.69331187,0.10129168,0.10133975,0.20861256,0.0051615476,0.022866422,0.08766864,-0.0050739897,-0.018501962,-0.09225816,0,0,1
232737341,232546776,232547011,0,0.0008967023,0.003096748,-0.0052038576,0.09,0.09,0.20250002,-0.10584934,-0.24223402,-0.67084724,-0.11206373,-0.22699071,-0.6823934,0.10128433,0.10132919,0.20860218,0.004424804,0.023163047,0.08629555,-0.004970895,-0.020766448,-0.08936008,0,0,1
233345833,233146636,233155559,0,0.0030288808,0.001945302,0.0010580297,0.09,0.09,0.20250002,-0.10449718,-0.2324885,-0.6625449,-0.108141676,-0.23352665,-0.67116785,0.10132364,0.101364285,0.20858891,0.0043108044,0.021329366,0.08417816,-0.0046255193,-0.021692414,-0.08641922,0,0,1
233744928,233546009,233554607,0,0.00495446,0.007255077,0.00090316264,0.09,0.09,0.20250002,-0.10409564,-0.20784594,-0.6549869,-0.10615526,-0.22465008,-0.664053,0.10129896,0.10133603,0.20857559,0.004278781,0.017052151,0.08227384,-0.0044552158,-0.02005299,-0.08459166,0,0,1
234343450,234145911,234153180,0,0.013063201,0.0071951514,0.0011155796,0.09,0.09,0.20250002,-0.10830859,-0.14793302,-0.646321,-0.10607462,-0.1862759,-0.65417886,0.10127728,0.10130727,0.2085765,0.0046331226,0.008640713,0.08011081,-0.004446486,-0.014147856,-0.08209093,0,0,1
234742498,234546283,234552226,0,0.015922263,0.007006668,0.003850089,0.09,0.09,0.20250002,-0.10608502,-0.106532976,-0.64377636,-0.10618363,-0.15209384,-0.64916956,0.10126972,0.101294,0.20857029,0.004445171,0.0044817165,0.07948361,-0.004454486,-0.009869073,-0.08083382,0,0,1
235341084,235146181,235150798,0,0.0060422374,0.005960525,0.013082783,0.09,0.09,0.20250002,-0.091429144,-0.058947433,-0.646235,-0.0994207,-0.099706605,-0.64554673,0.10125462,0.10127126,0.2085695,0.0033022845,0.0013724723,0.08009219,-0.0039198436,-0.0048457477,-0.07992854,0,0,1
235740074,235546573,235549846,0,0.010101673,0.010968843,0.005197398,0.09,0.09,0.20250002,-0.09041596,-0.04243526,-0.6333604,-0.09532102,-0.07262135,-0.6404155,0.101251796,0.10126427,0.20856395,0.0032295906,0.0007113076,0.07693475,-0.0036040945,-0.0028543205,-0.07866681,0,0,1
236338715,236146556,236148418,0,0.008949494,0.01017569,0.018896263,0.09,0.09,0.20250002,-0.08344103,-0.018234877,-0.6395321,-0.089860916,-0.041511714,-0.63932055,0.10124187,0.10125032,0.20854244,0.0027508005,0.00013136184,0.0784495,-0.0032047515,-0.0011878521,-0.07839645,0,0,1
236737703,236546867,236547466,0,0.021020766,0.00987094,0.020044714,0.09,0.09,0.20250002,-0.091112986,-0.0076425667,-0.6330985,-0.09052098,-0.025869023,-0.6371624,0.101239175,0.10124606,0.20853738,0.0032799859,2.3075989e-05,0.07688093,-0.003245005,-0.0006246081,-0.077870004,0,0,1
237346268,237146722,237156015,0,0.026005857,0.015100819,0.036007904,0.09,0.09,0.20250002,-0.08713697,-0.001680675,-0.6432728,-0.089913644,-0.012795197,-0.6373694,0.101276115,0.10128189,0.20854954,0.0029988715,1.115567e-06,0.07936722,-0.0031981654,-0.00023772992,-0.077922136,0,0,1
237745299,237546106,237555064,0,0.023924094,0.013155715,0.049847268,0.09,0.09,0.20250002,-0.08017363,0.0148698175,-0.6499235,-0.08479233,-0.00071245065,-0.641145,0.10124795,0.101252176,0.20853846,0.0025394333,8.73508e-05,0.08102114,-0.0028535114,-9.1636204e-05,-0.07885403,0,0,1
238343894,238146118,238153637,0,0.01400613,0.021945411,0.056013815,0.09,0.09,0.20250002,-0.06514473,0.02458428,-0.64686465,-0.07512451,0.013448555,-0.6438124,0.101233035,0.101236105,0.20853975,0.0016768583,0.00023880288,0.080259785,-0.002260271,8.5887776e-05,-0.07951005,0,0,1
238742989,238546484,238552685,0,0.013202721,0.022137266,0.049389258,0.09,0.09,0.20250002,-0.063257754,0.034250688,-0.6336886,-0.06932864,0.022734428,-0.6406609,0.10121252,0.10121542,0.2085295,0.0015814421,0.00046360906,0.07702723,-0.0019285533,0.00024799223,-0.07873682,0,0,1
239341541,239146772,239151258,0,0.009962248,0.015964136,0.042927917,0.09,0.09,0.20250002,-0.058613963,0.052080713,-0.61946326,-0.06315327,0.03904946,-0.6297543,0.101198874,0.101201884,0.20850809,0.0013579585,0.0010720751,0.07361532,-0.0015959647,0.00068254414,-0.07609456,0,0,1
239740537,239546001,239550307,0,0.009055941,0.011044765,0.036107257,0.09,0.09,0.20250002,-0.058138076,0.06468526,-0.60672677,-0.060690746,0.049594656,-0.61822,0.10119279,0.10119587,0.20850192,0.0013360778,0.0016538949,0.070621386,-0.0014684162,0.0010633863,-0.07335362,0,0,1
240339112,240145721,240148881,0,0.0030680255,0.005995139,0.030132663,0.09,0.09,0.20250002,-0.05066123,0.07406484,-0.5942935,-0.05474964,0.06273105,-0.60428715,0.101172335,0.1011762,0.20850255,0.0010147281,0.0021687315,0.06775644,-0.0011974439,0.0016309881,-0.070086814,0,0,1
240738195,240546222,240547930,0,-0.0040824525,0.0050755963,0.024836538,0.09,0.09,0.20250002,-0.04356756,0.07261941,-0.583562,-0.050260667,0.0680278,-0.5941316,0.10117012,0.101174876,0.20849767,0.00075047155,0.002084936,0.06533303,-0.0010144451,0.001879737,-0.067758046,0,0,1
241336787,241146122,241146505,0,-0.008928509,0.003050772,0.0051374645,0.09,0.09,0.20250002,-0.04135941,0.06783109,-0.55891174,-0.04493504,0.069442734,-0.5777614,0.10115007,0.10115627,0.2084991,0.0006764605,0.0018193858,0.05992972,-0.0008110036,0.0019263416,-0.0640921,0,0,1
241745760,241546491,241555530,0,-0.0030932643,0.00010900096,-0.008186121,0.09,0.09,0.20250002,-0.049807902,0.06438312,-0.54331654,-0.04590323,0.06767723,-0.5641856,0.10120006,0.10120732,0.2084828,0.0009805635,0.0016382949,0.056636397,-0.0008420801,0.0018224634,-0.0611366,0,0,1
242344339,242146568,242154104,0,0.0009898157,0.004219681,-0.019028326,0.09,0.09,0.20250002,-0.056180757,0.045036,-0.52706176,-0.050804835,0.056184735,-0.54499614,0.10117801,0.10118653,0.20848079,0.0012478115,0.0008017831,0.053298738,-0.0010336655,0.0012872923,-0.05705678,0,0,1
242743417,242545881,242553154,0,-0.008888783,-0.0058640074,-0.0047884486,0.09,0.09,0.20250002,-0.047615252,0.053646356,-0.53805554,-0.050278127,0.053547677,-0.54277635,0.10117115,0.10117985,0.20847298,0.0008963869,0.0011377488,0.055547487,-0.0010074745,0.0011586989,-0.05656154,0,0,1
243341988,243147206,243151728,0,-0.0011151009,0.00013080087,-0.013230432,0.09,0.09,0.20250002,-0.056943536,0.02663554,-0.5242691,-0.054257624,0.04122862,-0.52864283,0.10115708,0.101166286,0.20847248,0.0012821906,0.00028050927,0.05273753,-0.0011729548,0.00073368475,-0.05365956,0,0,1
243741036,243547164,243550778,0,0.001202143,0.00011874534,0.0033899075,0.09,0.09,0.20250002,-0.058913514,0.013648259,-0.53756434,-0.05574102,0.02903617,-0.53120065,0.10116361,0.10117266,0.20847023,0.0013723521,7.364637e-05,0.055446845,-0.0012347171,0.00042797363,-0.05416473,0,0,1
244339629,244147151,244149353,0,-0.011427832,-0.0045348518,0.006630283,0.09,0.09,0.20250002,-0.10956025,-0.06861082,-0.5691542,-0.06922117,-0.016220374,-0.54075754,0.10120194,0.10121164,0.20846654,0.0047443556,0.0018604362,0.062156063,-0.002152399,-0.00047053292,-0.05617777,0,0,1
244738658,244546167,244548403,0,0.04696154,0.07122119,0.0527504,0.09,0.09,0.20250002,-0.14513284,-0.17369685,-0.7106201,-0.12693451,-0.041626874,-0.54342395,0.101256534,0.1012595,0.20850588,0.008320862,0.0119181285,0.0968761,-0.00835046,-0.0031316073,-0.06022935,0,0,1
245347273,245147145,245156955,0,0.22400203,-0.17941064,-0.62541145,0.09,0.09,0.20250002,-0.2387089,0.017195836,-0.27309287,-0.14966841,-0.008109358,-0.49259374,0.10139763,0.101368845,0.20854037,0.022478608,0.00011668152,0.01430509,-0.011975494,-0.0011029395,-0.051775463,0,0,1
245746261,245547464,245556005,0,-0.4412672,-0.17143083,0.00039086095,0.09,0.09,0.20250002,0.06819734,-0.040479675,-0.6688092,-0.10369134,-0.008697805,-0.5039839,0.1012309,0.10117918,0.20856002,0.0018377303,0.0006478029,0.085789345,-0.00982798,-0.0006525798,-0.054493703,0,0,1
246344855,246151372,246154580,0,-0.28778803,0.19585803,-0.93378145,0.09,0.09,0.20250002,-0.087013096,-0.024229273,-0.26826197,-0.039422516,-0.008177406,-0.48170075,0.10158639,0.101352304,0.20863587,0.0029812178,0.00023168992,0.013797146,-0.0037288219,-0.0001257508,-0.050607756,0,0,1
246743892,246552404,246553631,0,0.1750376,0.22979829,-0.8174952,0.09,0.09,0.20250002,-0.011430472,0.09562147,-0.32526028,-0.031834424,0.03221623,-0.42052507,0.1015265,0.10139235,0.2087006,5.147649e-05,0.0036071616,0.020276751,-0.0020528482,0.0011252322,-0.03789835,0,0,1
247342453,247149507,247152207,0,0.1150818,0.055048905,-0.09684285,0.09,0.09,0.20250002,-0.07817304,0.065145314,-0.42064664,-0.09631209,0.046264783,-0.38905793,0.101168446,0.101010874,0.20876198,0.0024161781,0.0016805761,0.033903416,-0.0062447707,0.001257296,-0.034974884,0,0,1
247741502,247550034,247551257,0,-0.110646516,0.09694552,0.056263585,0.09,0.09,0.20250002,-0.109662965,0.13088787,-0.3374052,-0.082068846,0.06667555,-0.32473052,0.101039544,0.100973144,0.20881039,0.004760895,0.00678661,0.021807779,-0.0045503504,0.0026440253,-0.02490585,0,0,1
248350119,248152328,248159810,0,0.066883326,0.06444938,-0.13693847,0.09,0.09,0.20250002,-0.30589825,0.07520243,0.18922365,-0.1512568,0.054925904,-0.10485025,0.10080648,0.1010582,0.2089068,0.03713005,0.0022384746,0.0068558017,-0.01407286,0.0017586834,-0.008107698,0,0,1
248749193,248552354,248558861,0,0.035608463,0.08152673,-0.006479904,0.09,0.09,0.20250002,-0.4150267,0.28726816,-0.00023635663,-0.26116163,0.14168212,-0.04304733,0.10062568,0.10115509,0.20892784,0.068470456,0.032632265,1.0695455e-08,-0.03507334,0.012159353,-0.004032364,0,0,1
249347851,249151376,249157437,0,0.03794732,-0.0095193675,0.038141284,0.09,0.09,0.20250002,-0.35645452,0.31320617,-0.15749753,-0.311506,0.26780814,-0.0991991,0.10062081,0.10105971,0.20892113,0.050510358,0.038827777,0.004749251,-0.042163197,0.033841655,-0.0040045506,0,0,1
249746847,249551217,249556488,0,-0.099798545,-0.15368225,0.14554314,0.09,0.09,0.20250002,-0.55327773,0.51941574,0.012707412,-0.40744781,0.37065542,-0.04720601,0.100525156,0.100904845,0.20889995,0.12180682,0.10694935,3.0919746e-05,-0.07224686,0.062052757,-0.002034799,0,0,1
250345358,250151490,250155065,0,0.04241925,0.32943216,-0.014668456,0.09,0.09,0.20250002,-0.39070562,0.33067968,-0.041693233,-0.43708503,0.37970123,-0.107817,0.100838006,0.10060714,0.20866472,0.060552917,0.043475665,0.00033322847,-0.07923038,0.060846016,-0.0042716614,0,0,1
250744346,250550020,250554116,0,0.09873107,0.034756273,-0.058213226,0.09,0.09,0.20250002,-0.455234,0.49314353,-0.19064143,-0.4797758,0.34788457,-0.10939392,0.10104886,0.1005255,0.20850475,0.08203477,0.09676771,0.006972341,-0.09504971,0.059017166,-0.0041700234,0,0,1
251342937,251151428,251152693,0,0.024196729,0.00044307718,-0.115618095,0.09,0.09,0.20250002,-0.41089475,0.41909263,-0.22185467,-0.40905955,0.37121823,-0.24879974,0.101224564,0.10036312,0.208358,0.066716805,0.07000126,0.009449025,-0.069353506,0.06298771,-0.015824722,0,0,1
251742033,251548931,251551744,0,0.015908226,0.0023891944,-0.091761276,0.116825104,0.116825104,0.26285648,-0.44109285,0.43287468,-0.33217698,-0.41667742,0.40380064,-0.28527993,0.12812877,0.12714167,0.26864147,0.0607398,0.058951717,0.016429562,-0.06579136,0.06512703,-0.016576633,0,0,1
252340664,252149729,252150321,0,0.055591393,0.06376686,-0.017840248,0.11951065,0.11951065,0.26889896,-0.43664467,0.37717906,-0.41325554,-0.4030107,0.4201714,-0.34858072,0.1310146,0.1298804,0.2746499,0.058209866,0.04381386,0.024872413,-0.059105515,0.06741587,-0.021994384,0,0,1
252739618,252549071,252549373,0,0.094776176,0.027501058,-0.043128923,0.09,0.09,0.20250002,-0.42344415,0.38384593,-0.4281209,-0.37683538,0.4066864,-0.40591434,0.1017461,0.10053708,0.20825283,0.07049113,0.058620237,0.035204805,-0.055158213,0.06444858,-0.03180648,0,0,1
253348227,253148574,253157927,0,0.009607527,-0.13761953,0.11975304,0.09,0.09,0.20250002,-0.3449525,0.57691115,-0.63560355,-0.34529427,0.457254,-0.52679735,0.10163637,0.1005087,0.20823303,0.04683057,0.13245678,0.0776038,-0.0470675,0.0849947,-0.05518047,0,0,1
253747304,253548950,253556978,0,0.026994294,0.009126574,0.12462741,0.09,0.09,0.20250002,-0.3615606,0.38655624,-0.772636,-0.37324628,0.440327,-0.627572,0.101615794,0.100567244,0.20823513,0.051458966,0.05943316,0.1146716,-0.055679776,0.07853858,-0.07885147,0,0,1
254345853,254148862,254155556,0,0.02656526,0.071830876,-0.019583384,0.09,0.09,0.20250002,-0.26090178,0.22887555,-0.5877341,-0.29238832,0.30580515,-0.63611096,0.10148744,0.100567006,0.20827197,0.026828833,0.020835467,0.06634237,-0.03563546,0.04192121,-0.07924209,0,0,1
254744889,254549181,254554607,0,-0.028985418,-0.015576831,0.009680073,0.09,0.09,0.20250002,-0.15200427,0.22954938,-0.6233093,-0.23973513,0.25911957,-0.62290454,0.10145822,0.100630775,0.20831224,0.009109286,0.02094505,0.074602336,-0.02506987,0.03011066,-0.07535591,0,0,1
255343584,255149491,255153185,0,0.09331318,-0.06013036,-0.0625217,0.09,0.09,0.20250002,-0.2900853,0.25814688,-0.5931582,-0.20714694,0.21943782,-0.60284686,0.10142154,0.10076153,0.20838197,0.033188004,0.026454465,0.06753687,-0.020170057,0.02151967,-0.07031525,0,0,1
255742666,255549298,255552236,0,-0.05621872,0.07337211,0.04065259,0.09,0.09,0.20250002,-0.093359776,0.12764254,-0.69867766,-0.17340052,0.1832983,-0.6257065,0.10365821,0.10139754,0.20846315,0.0033633797,0.0064272247,0.09366652,-0.0145046385,0.015179965,-0.07584572,0,0,1
256341196,256150001,256150814,0,-0.03736064,0.05396785,-0.23447442,0.09,0.09,0.20250002,0.28257513,-0.07244058,-0.48832947,0.03644744,0.060639728,-0.5820532,0.12272772,0.10831307,0.20866495,0.02602467,0.0019379519,0.045712642,0.0030357502,0.0054414263,-0.06592211,0,0,1
256740204,256547342,256549865,0,0.014234618,0.012379111,0.0031384148,0.09,0.09,0.20250002,0.3382725,-0.14712878,-0.7273865,0.17452721,-0.029982386,-0.6312179,0.12578797,0.11015709,0.20881686,0.03638767,0.007860366,0.10135026,0.017481288,-0.00010963176,-0.07759744,0,0,1
257338774,257147789,257148443,0,-0.059582878,0.03920444,0.035459593,0.09,0.09,0.20250002,0.44999745,-0.22017217,-0.66950446,0.33636847,-0.12847951,-0.6556342,0.12653911,0.11169365,0.20898362,0.064011104,0.017360264,0.08579356,0.04344767,-0.008051219,-0.082979776,0,0,1
257747840,257548848,257557471,0,-0.035036698,-0.28520775,0.081872,0.09,0.09,0.20250002,0.2616428,0.28966847,-0.72049344,0.33446318,-0.068099014,-0.65945965,0.12352134,0.11075035,0.2090025,0.022168463,0.030305212,0.09935016,0.040519625,-0.008050911,-0.08401752,0,0,1
258346424,258148755,258156049,0,-0.034922745,-0.0073733376,0.008443692,0.09,0.09,0.20250002,0.14035782,0.046347827,-0.7820038,0.20490853,-0.03906125,-0.7545557,0.12022347,0.1086259,0.20885393,0.0065545663,0.0007910162,0.11712108,0.019275459,-0.0034827192,-0.11037711,0,0,1
258745509,258552208,258555101,0,0.021399695,0.053618584,0.026564417,0.09,0.09,0.20250002,0.07835959,0.0034581162,-0.77877754,0.12851632,-0.019619295,-0.78065175,0.11591375,0.10676652,0.2088507,0.0021188944,4.4802687e-06,0.11615847,0.010399941,-0.0017679807,-0.117637396,0,0,1
259354101,259153757,259163655,0,-0.05143494,0.09399361,0.0053124516,0.09,0.09,0.20250002,0.06994504,0.005717881,-0.77018356,0.10793768,-0.0123966355,-0.768066,0.11287218,0.1054769,0.2088944,0.0017337516,1.2398606e-05,0.11358518,0.0059842533,-0.0007014427,-0.113361485,0,0,1
259743076,259548951,259552730,0,0.004878979,0.025197586,0.047635227,0.09,0.09,0.20250002,-0.018083148,0.070973486,-0.8086388,0.06638377,0.028761962,-0.78239393,0.11108907,0.104806446,0.2088942,0.00011774343,0.0019224908,0.12521109,0.0035011808,0.00060794456,-0.117478445,0,0,1
260341653,260150950,260151308,0,0.005334331,0.0058468543,0.020287411,0.09,0.09,0.20250002,0.07026251,0.049551208,-0.7518437,0.04503324,0.027219312,-0.76312554,0.10930136,0.104287304,0.20892467,0.001806682,0.00094175304,0.108224444,0.0017900256,0.0005228427,-0.111642495,0,0,1
260740738,260548894,260550360,0,-0.042966004,0.07481946,-0.02142934,0.09,0.09,0.20250002,0.1464649,0.15444365,-0.62784916,0.0752222,0.063064106,-0.72673374,0.108435094,0.10399155,0.2089366,0.007913292,0.009174915,0.075466834,0.003360614,0.002918414,-0.10192937,0,0,1
261339413,261148384,261148939,0,-0.006338913,0.038948253,0.07924322,0.09,0.09,0.20250002,0.24476846,0.19828184,-0.44410926,0.15441152,0.1474873,-0.5171579,0.10698824,0.10359946,0.20893423,0.022399321,0.015179882,0.037759833,0.011125122,0.010474565,-0.05657815,0,0,1
261748351,261548211,261557967,0,-0.1277867,0.01321985,0.16840202,0.09,0.09,0.20250002,0.3447672,0.042023167,-0.34869593,0.23101419,0.104937814,-0.45099172,0.106266536,0.10345325,0.20895387,0.044742,0.00068279984,0.023275731,0.023764083,0.0061316234,-0.042701114,0,0,1
262346800,262146734,262156546,0,0.07746771,0.036735028,-0.5850309,0.09,0.09,0.20250002,0.2943447,-0.031825356,-0.040120125,0.32707256,0.051496014,-0.26287848,0.10599435,0.10372665,0.20898543,0.03269563,0.0003905856,0.00030808357,0.045897093,0.0026643258,-0.020794533,0,0,1
262745897,262548529,262555598,0,0.29000142,0.16105843,-0.11937711,0.09,0.09,0.20250002,0.19496703,-0.057681322,-0.21931875,0.2506232,0.02270037,-0.23138908,0.105191864,0.103315674,0.20900574,0.014454405,0.0012881433,0.009205625,0.028980846,0.0013054672,-0.014350911,0,0,1
263344497,263147956,263154177,0,0.118751384,0.4380613,0.16473678,0.09,0.09,0.20250002,0.037493847,-0.0506258,-0.38775852,0.16605704,-0.015878465,-0.2757947,0.104493156,0.10306404,0.20898071,0.0005381361,0.0009947104,0.02877905,0.0152065605,7.947447e-05,-0.017114542,0,0,1
263743522,263547791,263553230,0,-0.041921787,0.36096764,-0.09201457,0.09,0.09,0.20250002,0.28585166,0.18930346,-0.22602835,0.18613131,0.07787098,-0.23799276,0.103981696,0.103132635,0.20889892,0.031432908,0.013898917,0.009782495,0.017465131,0.0059465454,-0.012530308,0,0,1
264342085,264150354,264151809,0,-0.14262602,0.40667647,-0.019269433,0.09,0.09,0.20250002,0.26390833,0.12786019,-0.10350138,0.23486766,0.12567776,-0.14531247,0.1028179,0.10279764,0.20879917,0.027095517,0.006361324,0.002052218,0.023672428,0.008289257,-0.0058505395,0,0,1
264741241,264549707,264550861,0,-0.42422524,0.7535115,-0.2113682,0.09,0.09,0.20250002,0.41773114,0.021376014,-0.09984788,0.2996025,0.062881924,-0.17064446,0.102434695,0.10286397,0.20877722,0.06814071,0.00017768475,0.0019100934,0.038522683,0.0041792756,-0.007869137,0,0,1
265349755,265150135,265159417,0,-0.07591287,1.0016285,0.26943764,0.09,0.09,0.20250002,0.25179183,-0.07981402,-0.2662775,0.23301668,0.0509683,-0.14141373,0.101661734,0.10253712,0.20882748,0.02494513,0.002485062,0.013581297,0.024230737,0.0038164533,-0.006669293,0,0,1
265748843,265549409,265558470,0,-0.13869779,0.51876515,-0.46948743,0.09,0.09,0.20250002,0.27660853,0.093961716,0.22594287,0.23408009,0.027451705,-0.025504597,0.1014439,0.102526985,0.20886154,0.030169295,0.00344448,0.0097768465,0.023505023,0.0017007667,-0.0009124789,0,0,1
266347457,266147857,266157049,0,-0.27287158,0.97440696,0.04287762,0.09,0.09,0.20250002,0.34332436,-0.10656321,-0.10575682,0.26149568,-0.046318714,-0.09743861,0.10113898,0.10213887,0.20893675,0.04661768,0.0044471677,0.002141223,0.029066853,-0.0017749629,-0.0029041627,0,0,1
266746423,266547725,266556103,0,0.64994174,1.3336693,0.5590087,0.09,0.09,0.20250002,-0.02774185,-0.138636,-0.27450413,0.13497472,-0.045617152,-0.10012264,0.10091317,0.10192689,0.20901278,0.0003050584,0.007542637,0.014420652,0.014920201,-0.002460976,-0.004862993,0,0,1
267345106,267150191,267154682,0,-0.21730578,0.8411846,0.017365629,0.09,0.09,0.20250002,0.3682199,-0.111169636,0.15122792,0.2054504,-0.10500805,0.016642073,0.10110264,0.101675354,0.20908985,0.053642876,0.004862019,0.0043751304,0.024275234,-0.0063446863,-0.0003651711,0,0,1
267744027,267549341,267553735,0,-0.29508916,1.4811963,0.025427017,0.09,0.09,0.20250002,0.23291059,-0.52048796,0.047786806,0.21445699,-0.25437316,0.010121536,0.10129887,0.10167776,0.2091516,0.02142071,0.10657502,0.0004367318,0.022113413,-0.038915828,-0.00019707263,0,0,1
268342616,268149894,268152313,0,-0.02378717,1.1795444,0.4508258,0.09,0.09,0.20250002,0.025174698,-0.3972221,-0.21436585,0.16619927,-0.2583767,0.08014606,0.10154354,0.10145656,0.2093363,0.0002496527,0.062208064,0.00878065,0.016629636,-0.03568559,0.0075938073,0,0,1
268741657,268550088,268551365,0,-0.24767302,0.90170574,-0.26806632,0.09,0.09,0.20250002,0.05817157,-0.25449133,0.2559719,0.105342254,-0.2886179,0.11295637,0.10211958,0.10160477,0.20946898,0.0013254781,0.025497163,0.012511947,0.008891341,-0.039147336,0.007455743,0,0,1
269350223,269151616,269159920,0,-0.6492584,1.033547,0.19866884,0.09,0.09,0.20250002,-0.066158414,-0.40096015,0.019260123,0.015223455,-0.28026345,0.12542386,0.10236426,0.101582296,0.20965418,0.0017103376,0.06330593,7.077414e-05,0.0026373256,-0.036488447,0.0068365275,0,0,1
269749252,269549949,269558972,0,-0.21158433,0.5442,-0.23494822,0.09,0.09,0.20250002,-0.08336383,-0.15021348,0.2831416,-0.030879186,-0.27010816,0.21798927,0.1027701,0.10170723,0.20977636,0.0027048832,0.008874134,0.015286597,0.00015343909,-0.03480432,0.012866331,0,0,1
270347908,270150296,270157550,0,0.061357327,0.04632399,0.2135119,0.09,0.09,0.20250002,-0.13723506,-0.22423069,0.15154351,-0.08422063,-0.24406743,0.13478048,0.10289607,0.10164746,0.20999318,0.0073213535,0.0197858,0.0043745106,-0.005072372,-0.026265396,0.006077841,0,0,1
270746921,270550649,270556601,0,-0.18036616,-0.05052439,-0.027082123,0.09,0.09,0.20250002,-0.023539186,-0.29225063,0.3354165,-0.06318773,-0.2786964,0.19347367,0.102889664,0.10174825,0.2100901,0.00021541261,0.03357716,0.021420186,-0.0029959888,-0.032619275,0.010003337,0,0,1
271345477,271150607,271155180,0,0.035182986,0.054217868,-0.03139192,0.09,0.09,0.20250002,-0.020696087,-0.31604284,0.33457267,-0.065444864,-0.32612196,0.27221838,0.10251684,0.10185909,0.21019469,0.00016712493,0.03922402,0.021301942,-0.0027588822,-0.04335218,0.015972912,0,0,1
271744560,271549736,271554232,0,0.05887319,0.24330571,0.039250243,0.09,0.09,0.20250002,-0.026072491,-0.3970824,0.24143104,-0.057825323,-0.3623235,0.25107488,0.10229652,0.10191408,0.2102356,0.00026580566,0.061885234,0.011090214,-0.0020356756,-0.052888826,0.013060403,0,0,1
272343111,272149702,272152810,0,0.08932821,0.19633266,0.033549808,0.09,0.09,0.20250002,-0.010665454,-0.34597045,0.27847067,-0.01710041,-0.34300557,0.26035914,0.102027215,0.10196112,0.21030623,4.459669e-05,0.046957333,0.014749142,-0.0006704306,-0.04685306,0.013309381,0,0,1
272742192,272548953,272551862,0,-0.008392032,0.013083172,0.04478541,0.09,0.09,0.20250002,0.084427565,-0.23394449,0.26695663,0.012396831,-0.3057057,0.26283392,0.1019166,0.10199294,0.21039456,0.002797587,0.02146424,0.013548989,0.00043898408,-0.03787454,0.013351244,0,0,1
273350736,273150551,273160416,0,0.03632981,0.041116543,-0.07522497,0.09,0.09,0.20250002,0.048309688,-0.27932003,0.3433997,0.05961978,-0.2790602,0.30539772,0.10185925,0.10216776,0.21046321,0.00091649056,0.030545713,0.022412155,0.0023695375,-0.031391766,0.01810975,0,0,1
273749810,273549642,273559467,0,0.03341181,0.0955124,-0.051032193,0.09,0.09,0.20250002,0.09884519,-0.256516,0.34952006,0.07733057,-0.26700398,0.32559037,0.10173815,0.10218091,0.2104751,0.00384138,0.02575842,0.02321686,0.0029785642,-0.02843202,0.020425545,0,0,1
274348356,274151053,274158045,0,-0.003736048,0.04448829,0.23871338,0.09,0.09,0.20250002,0.05752005,-0.24495503,0.09760696,0.091857366,-0.24051066,0.26416576,0.10167045,0.10217875,0.21050146,0.0013016786,0.02348941,0.0018103662,0.0040880674,-0.0230819,0.0154431965,0,0,1
274747472,274550193,274557097,0,-0.04703104,0.010363083,-0.2499209,0.09,0.09,0.20250002,0.16764474,-0.17628862,0.51993513,0.12978968,-0.21621124,0.34347856,0.101705395,0.10228035,0.21050437,0.011053398,0.012153919,0.051368542,0.0076091196,-0.018814683,0.02591848,0,0,1
275346016,275149347,275155675,0,0.049260158,0.049044795,-0.024178587,0.09,0.09,0.20250002,0.0804636,-0.15080693,0.3246943,0.1085498,-0.19140434,0.31846598,0.10167599,0.10227379,0.21046716,0.002547068,0.008894843,0.020036643,0.0052208123,-0.0147974985,0.020663464,0,0,1
275745028,275550673,275554726,0,0.018615354,-0.006088742,0.11261513,0.09,0.09,0.20250002,0.092515096,-0.09551735,0.18152392,0.10059505,-0.16571529,0.2816213,0.1017053,0.10228561,0.21044154,0.0033662133,0.0035678784,0.0062631993,0.00430454,-0.011751106,0.016542543,0,0,1
276343594,276149834,276153303,0,0.04979645,0.02303857,0.07375729,0.09,0.09,0.20250002,0.09050985,-0.14128041,0.24886107,0.10576041,-0.15267454,0.26910937,0.101722024,0.10225721,0.2104167,0.003221341,0.007807824,0.011773178,0.0049253483,-0.009525552,0.014499047,0,0,1
276742652,276545538,276552355,0,-0.088663235,-0.06812065,0.03461843,0.09,0.09,0.20250002,0.19131479,-0.04677286,0.24643782,0.13320895,-0.12604572,0.2551638,0.1017704,0.102248624,0.21037997,0.014385851,0.0008558357,0.01154703,0.007781188,-0.007399662,0.012797032,0,0,1
277341266,277143511,277150932,0,0.029875183,0.0035279542,-0.057905164,0.09,0.09,0.20250002,0.0068006534,-0.14641099,0.27797613,0.104304776,-0.11018145,0.30211627,0.10181958,0.10222849,0.2104443,1.8168956e-05,0.008387555,0.014687159,0.0076802257,-0.0058135986,0.018328944,0,0,1
277740340,277543369,277549984,0,0.0066067013,-0.031589497,-0.01809098,0.09,0.09,0.20250002,-0.0038235672,-0.07514742,0.22705504,0.06171379,-0.10974257,0.2613781,0.101802014,0.10217752,0.21043412,5.744352e-06,0.002210715,0.009799549,0.0040943306,-0.005568633,0.013823343,0,0,1
